0.9284731633686572
-8.679772389571003
-6.040987639503815
-9.729899520113408
-5.941332821340442
2.7291150483753923
-8.38789854093635
-0.5119729852743904
0.40925491864830743
2.2204615038288478
0.46144713885800215
0.280909639452982
7.064097706512877
-4.7376539221871745
-0.8513429065326039
5.284704228087667
-8.780014537410798
-6.5628136521809655
2.577654022075615
-6.391701989830718
-2.159732015189312
-3.892899765262107
-0.5738714938247502
-0.7221833362645169
-6.434839200847318
6.756160411337295
6.698953334913922
-4.609083732612605
-1.8323888245697473
-4.532981338460502
5.469583383530702
0.6084464399875666
2.0217999794133434
8.045369294482951
-8.57955456589184
-4.668700439497853
2.665274651377356
-7.169573961563902
3.2514734013517277
-4.959671619565926
-0.21681765457482238
1.4070786213635245
4.295609252572494
-8.931776455791477
-7.244394852053519
2.148004009475244
0.8017118424340564
1.9461237092597217
-6.0321813274872715
0.9857033057048814
8.013434556949557
8.741409026821874
7.495123980378273
1.5038456476415418
4.812139253446858
-4.93769056588904
-4.018781988885753
0.7023254551267
1.316236927262513
-7.852765163738587
-5.3967982754250965
4.202719873824954
-5.1028814848544215
8.24728542590558
-6.075714873452922
5.024431469510098
-0.130114158132848
-8.78403617568612
1.3683389234149557
-1.7556016654476314
8.139862634979668
1.4582905440074412
-7.005790761519766
3.2452423274232034
-4.141051744233659
7.718368032147125
-7.315044449366114
5.053883242486044
-7.509532724470698
-7.924847278671755
-9.06650628558435
5.67223014301921
4.317113861827078
-3.2585755391762206
-3.432814529298657
-2.384852788801912
-7.6431901848627515
2.3623294804935835
8.588901110690784
3.6498563309740373
3.6971288070894315
2.608624078388415
7.213473484225483
1.6291864412618273
-3.6618826800455695
3.508138323196466
-2.2355857570796833
5.4308782191529215
9.347901719499667
-7.605336323079811
8.21868953148558
3.595294561325393
5.74789177948605
-6.871449830117859
-0.5105771898254652
-0.8018948744335053
-7.323419289915107
-7.001287369568079
-2.850117071143363
-1.942253453322842
7.819898686326741
-6.257715334728795
1.227167147789494
2.6948604262047615
-7.524442041255252
-9.159117951044546
-4.067890975139543
2.6737942327256636
-1.040235682770625
9.475967326304655
-5.757428377385776
0.5023970163355473
-4.4036910009404275
-3.467679578176468
9.306330966744348
-5.960271006948639
-3.8842309314223433
3.4121962472878864
4.651064754743393
0.4572559887054184
-5.275192313773816
-4.673948054953244
2.9204094357891552
3.6493999997392867
-5.597562944211308
4.948111842341623
0.8788405038841995
8.8543421080732
-9.283487418545011
6.229100487553804
0.6584938924408013
1.2050232935452576
-6.213441650563779
0.5790716971276866
2.6937837065513492
-2.2230345439501953
4.212458290810703
5.731098898409965
2.9865027119358967
-5.134346018879061
7.71422099051035
3.597497349019676
0.5385023328534366
7.154653558615198
7.453653444707083
7.438159490441154
-0.004734816386319229
-0.35283694655253495
-2.1916974014566404
3.794294766677313
5.396861724388275
2.91208159381668
-5.482195999201565
4.603221821887482
4.483414033134787
-9.551823760550693
0.9520411247423777
-6.299503092500034
6.006173354243862
-7.872269300801465
-0.37236164777478153
-2.1264037804316915
-1.2520358223127759
7.717660602572365
2.2626609999169967
-2.762467155217827
-0.2815408343508019
1.7776258590246452
8.827282226031862
-3.6907341927735215
-6.482871421103127
-6.151075919570426
-6.4257897298413
-3.598195887543655
-2.347698791743862
3.4534750183545015
1.8784861553360344
-1.502806650726558
3.3025506253614245
-3.290100248046887
-6.981935443555933
-6.099865651053891
-4.654875823863244
-8.183358719828895
9.33214790438668
9.062945005290143
6.322859896091315
-2.918194795081681
