2.7244833109132616
1.820773371556621
5.846489513892519
-9.235618211986878
-6.362002813015439
1.6688128621484122
3.0402721398805066
0.1494907426707126
-6.303149445243889
7.553623541423679
7.812221754318765
-6.466960889602026
2.2719561662488164
-4.071391254555746
-5.989869573815529
7.525996656468834
0.0871043029548213
0.9121128018720892
-0.2681104422133196
5.3473700532673245
6.6328404388825675
-6.0960497176940365
5.808894281004331
-0.5343084259696107
-4.744925368846291
3.1825560562583455
-3.799041019773848
-2.6017319469337963
0.9742570368052483
2.3515889488332675
8.832598128712876
-5.545475335593078
-0.9529138201909337
-2.761674774893399
-8.912726863829619
2.212105320447093
5.025720220994547
-2.9157079041133493
-2.8792688284522985
-2.4737989161379623
3.871561313369216
0.7550615948008277
-7.082230525470694
-0.633103850252108
-8.529876482754142
3.933970914325311
1.488647318504297
-2.192106488629364
-4.464960883476127
6.41437862396721
-0.18161265541956073
-6.131358632765352
1.819927573155511
5.034967502819194
3.456654041449174
5.116366679113735
0.71602083529414
1.9986972068660536
7.1022679705526865
2.445870503701779
-9.420130665758812
1.8451890758227063
7.649837441947371
0.22610277929212552
-0.23919240718095813
-4.739788354144667
-0.2560509383349552
-3.5404235522914296
-9.72070470151995
2.0075239200441652
2.0544075845437892
-8.649474192490672
4.197602245292886
-5.513878502916381
-0.5314121311997644
6.804767215248355
2.939921444047706
1.5445963799099038
-5.459626921332853
0.86766338783409
2.4716719411516386
2.0477955412454496
-1.1300072431761543
-0.19020621976811203
3.543041292639433
2.3096711488080923
1.5204853546552166
2.258524478799804
-6.097761441893095
-8.593089225968914
-4.319733979200749
2.371511830289561
3.638615268843246
-1.257243393421834
-7.292641964223083
8.215125064287996
-1.0496277578545854
7.1256444005428925
2.30402600515093
-0.1788564170555329
-1.958797956492656
1.2580928454092422
-9.552508294366183
-1.067998896145952
7.078096153290168
5.110039856783628
4.614777948651283
1.8850057134319709
6.806056191109957
1.3822644009817098
0.01876540075951061
9.502851528037636
-1.84835741307672
-1.696956126465714
5.648027297986767
1.6682627804842887
-3.38518329389796
-9.565532942087806
3.390748696437722
4.158383202581765
-0.24300404132767017
0.6285157705486188
3.7999925502090504
-4.897764887541609
0.0927453053487115
5.465974083179739
2.6658134053859195
2.46181801732551
9.639497298874174
4.792736769857219
-8.849962429839014
1.1963579425964155
-4.7337880499240885
9.337315050081084
-9.995528632087286
0.1812304945396681
0.030810621909047597
-2.393179136766613
4.187370891450963
5.5115336958051575
-9.055950476721977
-2.9090354384806827
2.5420756837885983
7.046981515185018
5.51889697586851
4.393366166480113
4.855671481994355
-2.361816553292062
3.3299110524444497
-9.580741782863072
4.168882317972078
-0.02652417830273701
-0.44810080427544086
1.6644164622381052
1.345413302200844
-2.8195580777570206
4.80036005480761
6.349539630374801
-5.573610316288922
5.256008287231479
7.126005873008465
-5.499044623292864
1.939639246204301
7.265823368735951
-2.6158631492502638
-1.191709133366402
0.9864213906557251
5.846739965310648
-5.856497502655856
-4.762730652930108
-8.882269142132916
1.3319363547493612
1.5334208491275891
-8.855389590978497
-8.179814598271518
-7.323459843841475
-9.034572798532068
4.568536187443875
-2.8527478995935485
0.8653327448790504
-2.6899056828813137
-2.30878114838452
2.4094292531753303
-0.10891954658062142
-3.4077957324302224
-9.549839440383671
-8.224506883981078
3.86801526317077
-9.240692352885624
6.119773299624911
3.5194565795901434
6.6841657225637
-0.5062717582878029
-0.8726162019692751
8.452569586466915
-3.659083587684744
8.104809694308642
-3.7038393993510343
